302
4492
4760
4454
4144
9487
806
4787
3719
7824
9493
3064
2670
3804
8564
9574
4480
2678
6926
36
705
7836
9868
1345
8549
5376
3936
4246
5616
6539
8978
6010
9541
906
2309
8878
4600
6963
2666
5539
5469
8067
9224
4553
631
5915
8414
7724
7017
1696
992
5022
4829
7908
3580
8956
5028
6894
2171
9736
7281
369
5291
5827
5743
8302
3174
7595
41
2448
4625
3675
3552
184
9330
9009
7603
5868
8267
9508
7149
1005
6291
9741
3649
1593
5793
7257
2407
2230
9546
9607
5421
4827
1392
2143
4435
5886
298
4263
804
5738
7930
2783
7499
6005
2354
9531
2014
3295
3706
8767
9994
3060
4491
2538
4890
1870
8479
2997
7195
1836
3231
6554
9298
5983
7005
9929
2137
5054
5158
7965
4030
4979
7960
7508
5894
3650
4727
4758
5389
4258
9131
2523
8762
7732
3725
8930
7404
6853
4715
5509
1830
1287
2840
8061
445
7826
5800
2487
6227
6583
6360
5084
7987
7804
2054
9515
1927
5980
4369
9172
7184
5826
8708
3559
5749
5140
8929
6004
4892
4195
3583
1246
6031
2699
3316
2838
2191
7882
7978
8182
1425
4004
1274
9999
1271
2776
5741
310
3316
1446
9790
2928
6638
8291
4324
5322
6219
8132
7799
7826
1432
2731
5407
8866
9759
2436
2772
8467
1867
4496
7999
8261
670
7210
2856
8660
5448
5970
3779
4779
86
4254
2129
1396
1460
2905
6194
923
5770
4127
1792
7002
3344
8007
9044
2613
8971
508
5139
7192
8788
8842
3536
9042
457
9694
4352
725
703
4989
8370
2260
2611
5062
333
9696
8258
9597
6859
7289
5486
608
2478
2222
7703
5196
8568
3576
4861
6648
3475
8938
8829
2271
6701
3719
8904
9750
5647
2980
1739
763
4111
7285
4998
3237
4990
9315
3671
3347
2326
4220
6312
2966
9482
7169
3538
1589
10016
7776
3239
3022
6613
5794
8034
8693
2386
6762
6037
2737
1070
4872
2163
6182
1099
9464
5125
4228
3360
3927
725
5866
346
2780
4108
2413
6584
6366
89
5620
570
1970
2905
8442
8580
7996
9976
2566
9664
8736
7182
9668
4531
4167
9372
2319
3583
1577
6353
9651
382
4790
9215
3892
601
5530
8366
3599
3477
6846
8802
9389
608
7873
9270
8810
3621
768
2804
4544
465
5594
4347
4729
7071
7909
7519
6401
7480
656
2257
2780
78
1834
8414
8822
3219
7729
2111
5764
1406
5066
8106
6660
1229
1831
116
3056
278
2958
7331
8994
3466
9966
8546
2767
7123
6837
4864
6899
1087
5360
3750
375
7163
9623
7809
712
9375
6272
4781
8145
1438
2821
3173
6464
9981
4779
3337
7414
7354
8128
1116
7971
3061
2924
3623
9975
6329
2639
6642
8644
3721
5434
1035
385
7917
3083
8909
8718
1860
4318
3305
863
1405
8451
1566
6473
3079
9804
5902
6140
4534
2141
5858
1805
1391
4851
3806
5587
9488
578
3369
5801
1440
4159
3956
3242
2612
8921
990
7899
8250
9058
4540
1481
1513
2442
8669
5121
4858
4787
6632
9004
639
1065
4464
9067
1686
2975
3365
7855
2620
1254
4455
5203
2365
9677
2325
8410
6950
4881
139
5379
7947
8337
3610
9009
9978
9101
1124
1965
6328
9237
7163
6950
6196
2247
6449
3194
878
6685
5851
2802
9948
5863
3884
6686
2110
9820
2076
8684
3403
322
4465
282
4348
48
6838
7378
7895
89
2220
2325
6774
3439
774
664
8454
2254
4246
8922
5675
9639
4764
9527
6789
7077
1590
3216
8856
9729
5294
6854
8458
6665
8655
2612
1095
5597
1857
8391
89
3871
2836
6784
1889
9875
413
3391
8058
6304
5278
2157
689
7020
8432
3411
7614
6681
1619
7524
3809
9756
9375
872
8111
4385
1781
5196
213
5029
2237
700
5681
9614
2167
4469
2219
927
1593
6408
3084
8736
7141
8123
8227
7637
5657
6213
3459
683
500
1835
851
2399
8089
7226
7844
9559
6578
3809
8560
2841
9895
9446
1855
9532
5061
9810
1172
7171
7461
1862
687
1004
8002
9088
2102
4019
6693
7191
8822
8792
5506
142
1259
7064
468
6456
131
5152
790
9602
4501
6548
345
739
4465
9001
1245
6790
5732
1346
2227
2804
6252
293
222
529
7460
3778
460
4837
8503
5764
4058
1414
9974
2092
510
9553
5540
2150
2158
7582
6338
7727
6465
157
1835
5909
4619
1976
9257
2121
8946
2531
9176
7191
8768
6044
3393
5039
8374
6911
5857
8594
3328
6191
9933
5714
3423
3707
8618
9416
6276
2313
8401
7493
2351
7768
7720
6115
9612
3439
2051
7922
4784
7475
508
3749
5274
5605
1323
8602
6494
9079
2872
2443
4900
3894
3195
5043
6251
149
2512
3577
2052
781
9940
3463
5470
6836
3029
6243
7718
4510
1490
2034
8552
7302
4975
5918
4110
1390
6794
4767
5861
8968
7181
3016
2906
7796
7052
3682
489
6834
9556
9837
7231
8822
5170
2782
7728
7630
2965
8132
7621
8376
2113
5023
2253
9473
8384
2130
3417
1043
8480
4271
2064
8216
8986
6913
5984
4270
6392
7342
2266
8938
610
1612
6148
8737
6717
549
7399
3690
5207
5305
1950
88
2657
7286
354
5301
4327
4361
3986
1351
5360
1509
9473
6692
8885
9371
4688
9263
3140
3076
8682
108
6081
4445
3894
9158
9209
7939
605
2796
3421
402
4652
7536
9336
8786
847
3145
4510
5316
6428
1637
7110
3186
7663
5752
8783
8684
6695
2188
6747
6595
9017
1527
7332
884
3537
5509
8601
7470
8958
5605
3519
1061
3008
3965
3457
3348
2558
1050
1485
4661
7327
9533
138
2169
5455
8005
7527
4151
3639
7893
1306
5912
3939
6248
1530
7654
4285
4167
1901
8759
2326
423
4210
3929
5496
5871
4852
3520
294
6435
5392
6147
8982
4243
421
8612
4555
2528
7365
2535
3215
3129
822
9322
5477
35
2997
8782
1707
8751
8602
1996
9471
6700
8453
3239
9023
5484
5448
7764
2417
4078
6729
7076
1637
4581
276
7120
8865
9533
2126
5961
5027
2550
817
9127
4981
1880
5910
6408
353
7541
2401
2924
5210
4148
6053
2814
5186
5810
7636
5821
712
3378
8316
1889
7087
4674
7692
9102
9517
4594
4604
2471
3621
4532
9271
4825
1745
4227
1981
8960
8525
3007
415
1452
3695
2305
5260
6727
9285
9275
5801
7288
8322
689
9554
3776
8459
8669
6890
3465
3278
4831
1567
4356
1407
908
7084
8965
685
4969
8032
6483
5845
1689
6238
6600
8841
7728
4836
7795
5268
208
5862
7269
4526
5790
3615
7467
7586
6444
3624
9034
9086
99
3106
3351
1801
7786
8110
3519
4038
105
5136
450
441
1670
5253
9407
1261
6788
3610
3638
1454
5955
3550
4068
1299
4317
2489
2687
611
9099
342
4643
2006
5594
1821
2700
1942
1821
9492
5201
4166
1852
4991
9642
7511
2906
8759
9262
4064
4882
8728
6720
6643
5560
3970
4412
2094
961
3560
3032
4444
9775
4574
4261
6216
8706
1200
2492
5028
188
7548
9551
6227
7251
9780
7127
3264
9313
5959
2880
1396
2124
2291
8632
5680
9796
89
4628
283
5016
3989
2843
5380
7917
3888
7443
3000
8960
7622
1714
5158
1220
7686
2033
1301
903
6971
8621
85
8955
5204
9026
4056
6255
6054
4538
4559
1327
1394
2532
8683
9844
8673
9540
3328
5651
1722
1796
9998
8724
2164
8475
924
323
733
5241
4187
9895
8413
2267
2429
6891
2582
2648
1237
7772
4286
6918
9696
2363
2552
6370
9275
2055
2692
4552
7515
6186
6654
1596
5177
3163
7432
8816
4825
4067
9543
5118
2121
8496
6955
6817
5706
9958
7970
638
3879
2771
7269
5250
8283
9233
9543
7992
6023
9358
7727
6983
1410
3496
8260
6656
3706
4221
2784
4508
8947
5309
1121
4892
2943
9955
7628
805
2782
3690
8849
3283
278
791
3573
6431
2070
3703
276
3252
7247
1271
511
2397
9742
2037
6928
6390
720
1056
6756
3958
5098
329
6990
5044
3235
5331
4134
4302
8602
5964
1083
7504
3305
4132
836
6912
7431
3880
9953
5190
4396
7775
2158
5509
2113
8803
6812
6626
9358
7790
7559
9002
2798
3417
8318
5371
4397
1975
9915
10019
4776
8272
6149
2180
4818
9241
1160
4074
2432
7449
3500
3665
5886
7706
9266
3266
992
1836
1355
9450
10002
2220
2874
7315
1285
591
2111
5653
1481
3034
9368
6002
129
1093
5490
2288
2147
3281
2133
2458
9968
1024
1252
1664
5974
7916
3739
9318
534
8656
6079
2135
9755
6669
5536
9540
4889
509
5244
3372
2138
7189
2230
5949
2804
3195
9730
7953
630
7470
7078
475
1764
998
9173
1535
9204
2297
6005
1710
6309
3605
9304
8967
7422
5910
1810
2281
3811
7821
6853
9434
8922
7355
1697
1640
2231
2783
1481
5391
1391
2297
9571
8979
64
2421
6273
8639
4653
2402
826
99
1613
841
9014
6116
1017
2869
5187
7679
9721
3692
3719
3623
4327
1834
3143
8497
3047
5309
6837
7891
9614
9810
52
1196
9833
3857
6102
3520
1810
295
1980
2275
2947
2072
4242
9711
8015
8983
7078
1839
2533
3063
7083
4239
1830
1368
2224
5660
9816
9583
2483
3227
3777
2366
1170
5906
8897
840
7934
8638
8516
4502
4538
8888
3543
5708
3367
4074
4938
3752
6121
2108
8087
377
8534
1193
8646
6029
3770
2592
8211
5760
6298
92
369
7158
691
5388
9816
9589
222
2427
1446
2127
2229
1445
4745
8492
5437
8365
4279
7759
6566
248
8877
1681
3214
5625
8533
5513
4638
6726
1376
2123
497
3433
8540
5819
5970
7671
131
5778
6613
8168
5180
623
8814
1052
9620
3014
9495
2967
7925
824
340
6587
5947
1616
1608
1703
6749
469
8993
665
2627
6080
141
2541
4722
9730
3481
7520
8332
9169
1272
2524
4756
7735
3748
2941
2142
2190
5188
8201
4797
6542
620
5762
3441
5200
4910
4705
1946
9839
4374
5688
4131
8628
7704
8558
5802
126
7885
5832
3552
1987
47
9440
5534
353
4447
5547
892
6555
7438
576
6607
7405
9739
8688
1308
8616
4294
6892
8553
9285
1086
5038
8845
3008
9714
8237
9178
9460
248
939
2456
9936
2958
8115
1770
9515
5464
5655
6721
8914
6011
1187
8949
2140
9221
7090
4898
4485
8979
5355
3670
4471
4214
3779
1005
409
7304
6084
7652
1326
5573
7499
9184
642
9742
3609
9305
1901
1746
7053
8214
1991
6621
1522
3458
2818
8036
7450
10020
1454
4911
5109
6429
8824
5083
6681
3523
5049
1714
8887
4548
6238
7584
2017
4226
4402
4761
745
7091
5794
3046
4870
4461
3615
2097
3943
9813
1417
80
7374
9085
1840
7051
2053
4723
1960
8300
4785
420
4139
9726
975
8589
7954
2228
4479
8605
2929
7153
2152
5352
130
6600
6855
9708
4046
3794
6152
5504
7190
2259
3765
2621
2935
8881
2691
9716
4119
5246
7084
3408
2847
7824
8877
131
9386
1953
2236
1590
3658
6097
8247
856
733
5914
1524
3205
7292
415
8744
2098
8857
7597
4946
5421
9189
7491
7912
649
5179
2928
835
336
331
3816
5458
7962
9744
2957
563
1277
7018
4916
7510
501
9890
8623
1877
9949
9523
5619
2738
2279
5423
6605
3226
1673
6780
6140
8009
3793
6426
2146
1832
4831
9174
1865
2015
7641
6547
8008
6826
9036
2526
7005
7055
2196
2794
3179
692
684
1899
4400
5732
6719
8291
6515
7131
2740
3231
352
5391
986
5013
2411
4578
7366
346
4248
3484
9721
1425
5539
3061
4357
9233
3794
7458
2520
358
1720
9372
6413
9184
3602
2447
9745
3640
8029
4648
8964
8281
5250
5148
8443
7547
7962
7252
6002
9188
5335
1552
4206
5566
5151
3692
9118
9589
9028
1956
5192
8400
640
7951
3386
6295
5007
6719
4557
6451
1654
959
6797
8191
8332
2009
2508
3172
3501
5458
7081
3245
8727
5734
9665
5348
3928
2654
8273
7233
2377
9000
2960
3974
5289
2162
2165
2833
6736
3315
6065
7491
524
9581
9381
918
8841
5883
5390
5136
3939
7494
3196
9505
3285
1791
4159
2432
9085
9108
207
6967
9022
5291
8524
9200
2858
7407
7132
4452
6266
5006
5538
7576
3358
2518
2669
3490
6866
5156
5890
5518
3367
7189
517
5021
5373
8787
4645
3317
7437
4001
2047
71
3380
5755
3827
7331
9280
2504
5558
2364
2932
9229
4007
2450
1330
4214
5165
1751
5009
7919
7400
6894
2420
6230
4198
4148
9723
5492
5930
6071
1527
6591
8734
7594
5450
4155
6469
7518
8422
8258
1392
9009
3261
9573
1787
9308
1587
5541
1339
5960
9033
4080
6646
8590
1599
7713
8362
4166
9324
3391
530
6234
1546
1236
3452
6569
6503
7772
2401
5067
7109
7788
1661
5334
3990
608
8700
1201
2536
7514
660
8687
7115
3811
3564
3680
1640
5429
5342
3597
157
8406
9536
3137
1233
3435
886
6689
6735
198
4380
4131
9894
3197
3951
9678
4054
5328
2606
4567
4593
6684
10019
4372
2490
1926
8300
2506
5498
2670
5548
8335
7740
9397
9831
8131
6116
550
6244
8280
1504
2585
1047
6904
4010
1860
3518
6960
5932
6317
703
9855
8840
1412
4951
123
8098
1918
8645
4859
9393
346
1871
2656
9942
45
6747
3426
3492
2764
9979
8394
4482
4667
1001
6052
2088
4835
8721
230
447
7820
8702
2477
1974
7956
7615
4093
6171
301
5686
5499
8411
2217
2703
3559
8305
6056
7381
4794
4739
5730
9545
586
7484
4147
1273
806
6367
6182
8806
8012
3329
2494
5106
4140
7177
4609
4487
978
8271
4450
9832
9766
200
1465
2611
6427
9867
1549
6125
1827
7033
3233
6959
585
8596
7817
7166
9623
6631
6519
4167
8028
1442
55
2173
9609
9512
8085
7613
7138
1955
718
859
7813
8519
9388
1526
6326
4670
327
6679
5926
2523
1686
5319
1274
701
2435
5925
3655
2491
885
6799
9967
6632
2776
5625
3640
7013
4116
2641
4933
4047
8396
4961
6787
6040
4532
1364
8223
9926
4203
1394
3891
2459
2591
8646
8191
2745
4388
6751
1000
3832
3427
3661
1093
5827
877
839
2098
5067
9141
6577
4322
1154
388
4241
1057
4980
6173
5510
3163
496
2815
7523
5110
7766
6411
3733
888
1361
9925
2288
4231
3147
7285
1719
6161
7314
7900
7097
7362
6299
1863
5662
1757
6264
3331
4931
6519
7590
3332
6856
4201
3091
262
1481
959
5426
4910
3911
7160
9305
5470
7487
2285
4631
1869
2748
2231
6796
6294
2086
2314
6260
5562
5933
3522
5574
5880
7196
6218
1116
2508
9005
9686
304
8164
3071
2132
1779
3714
4114
8607
8772
1982
9697
3523
3675
981
6744
3110
4827
4969
8492
3500
6249
5409
4452
1692
299
5660
4202
7952
6866
2001
8422
8985
3739
5189
5615
9287
3437
5543
3474
4064
6487
5431
3707
4794
4744
2419
7222
832
1571
1197
1901
7892
7688
2260
7897
8242
6612
5442
6253
8341
8848
9057
3334
7142
9737
665
6578
1487
319
2690
7725
6431
776
7340
6492
4368
7095
1674
8813
7354
4030
5338
4716
9656
2283
4884
2709
542
7155
7633
185
5560
6547
9939
7898
2616
8092
638
4569
5808
3869
90
8845
5005
998
3096
5322
8056
8953
601
8437
1102
438
1830
632
6028
5067
4434
4839
2384
4528
312
9702
9461
908
5487
9631
1881
7036
4344
7560
9030
8002
1963
3432
9631
3884
8084
7888
8956
8025
2074
4623
3434
3221
2176
2986
4950
567
3086
6023
8741
1789
7910
3049
1616
6173
1531
6464
7564
4936
9905
9760
6465
1188
2034
8827
1975
6404
7656
2949
8940
8253
6580
2932
4569
6595
7545
7140
2938
1846
3354
5057
6563
443
3295
1637
6946
6906
1259
6224
2574
3370
6949
3584
1046
6054
9712
3688
2891
759
8846
9127
2710
7126
2103
5489
3049
1541
9603
9351
2872
8194
6095
1598
5000
2621
852
1070
6587
9901
8501
2109
8072
7632
1653
1526
4532
1140
3590
6027
6425
1033
5031
4196
6542
953
9580
3141
9449
2275
9854
5997
5815
9636
2964
4642
7350
2536
5200
3455
5960
9022
9564
2841
6390
9464
7189
396
2360
3182
5769
5930
1183
6204
4378
4139
9305
4153
7465
9068
8915
6768
5505
3317
8668
7183
714
7509
7099
2393
7518
4264
2177
2130
1695
3409
5800
295
766
4056
843
3235
8073
7664
2188
2481
3036
2959
6466
92
4250
7009
8441
6928
8959
7212
3906
5976
2243
6885
3451
8123
5420
8502
3930
5757
2504
7501
1992
9509
1847
2378
1139
2438
9423
8995
3711
3194
6346
9120
9233
4875
1465
5376
7737
2019
3988
441
239
8196
8804
9312
3979
7027
7041
5541
4107
3779
2800
9902
296
9774
7672
2619
4155
2348
6713
8470
9018
1936
5736
5915
2926
7268
6718
5838
2449
2882
8006
4179
2218
3307
9983
1146
7792
879
6832
5950
9852
7616
5334
7829
1928
1599
7426
9438
9451
9162
7084
8081
3389
4608
8697
3091
2728
5654
8847
1231
5960
1604
1671
74
6642
1763
5247
9598
6141
1951
6307
3033
4911
4386
5114
3846
7128
4274
1772
7019
5650
3871
3374
1573
1486
6186
1945
127
9289
9768
5789
6487
1403
6576
7427
6985
1912
9267
5558
2598
2187
2017
3175
6488
4782
7117
1849
1867
9107
5522
2641
7520
7004
6812
1168
6863
2100
3826
6562
230
6439
9253
4683
5537
6620
7265
4189
231
6368
7264
2974
2095
8778
2085
7574
8628
6432
4422
5455
6531
5259
3293
5803
2248
2447
1825
3233
2517
810
8287
9791
5272
6388
7629
5755
7327
3798
9652
5819
7930
869
5005
9385
4869
3434
2404
4215
3291
4266
424
3605
8295
2996
522
9372
4357
2709
358
480
9107
4868
7265
6303
7855
9597
6768
3516
6359
9982
4421
4041
7201
4161
1781
6023
2526
8445
5602
3965
4395
5310
419
2505
5622
3061
8495
4168
1960
9507
1785
7362
405
375
8463
3755
2279
9274
2180
5277
1200
9880
9806
4725
2382
6131
6254
8608
5660
7078
7176
7197
652
6084
6934
9141
5305
8212
3874
3742
3077
7444
5792
518
8003
5272
1388
8754
8473
2334
251
8549
3349
3261
7505
606
9149
9745
1051
1722
6769
1737
1165
9717
738
10017
459
5592
6888
5074
9115
2478
8156
7127
9266
2568
5545
2836
1167
7854
6460
9407
319
1360
257
7792
3210
8062
5097
5884
7183
6656
4383
7216
1222
1182
2927
9729
9882
8737
7385
4898
5686
6868
759
259
7901
8817
3600
3107
132
6204
4267
2541
4658
9350
9238
9443
2610
1587
164
2317
2552
4220
6107
837
3389
9549
3314
5792
7268
7860
7862
4032
3713
5664
3616
4836
4950
2184
3710
3065
5626
4306
8907
7799
9209
3833
2528
3731
6825
6503
6495
4945
5549
1631
8196
8764
4355
3298
62
477
1180
6444
7604
3044
4677
6550
9365
7842
8359
7868
2615
6274
8054
985
8221
7340
3521
1598
6171
942
5439
2068
999
6611
5065
5892
6410
7897
1447
3767
6093
5168
9966
549
6523
8364
8611
2220
9076
4205
6131
2699
5542
4781
4728
4365
4945
4513
577
4624
2288
461
6893
1056
3727
3628
2161
5899
5818
7337
4835
1838
6753
5265
9599
5487
1607
4273
8619
8924
4331
3877
4664
351
3509
4729
6094
4126
6419
1709
7616
3423
1941
8687
2532
9803
5943
2255
8511
727
2256
1448
1270
4486
6820
647
5574
6403
4513
8549
4761
9974
4839
3319
532
122
4045
5605
8492
6231
8868
5953
607
2341
2290
9503
6874
5361
247
1134
7932
485
6669
5501
2430
5445
3116
6205
4174
9965
3765
7175
4178
9515
6943
3818
3225
1679
4283
8123
3301
1853
6511
8634
1736
5977
984
4651
5335
1053
4152
2839
7779
2643
3490
6654
6286
9409
4686
8034
3975
4618
4024
2585
1599
252
5591
8956
182
1729
9659
5323
9683
8866
1575
6205
4466
7340
3833
48
267
8076
5947
5080
3813
1073
9736
2494
6748
7195
8695
7652
6270
4762
3823
2875
4283
4902
7555
1652
8160
8968
9896
6974
3079
5534
5787
1770
3584
8148
5564
3432
4854
479
3674
4923
4074
7426
4353
2822
2881
2220
5839
1412
6929
2238
7560
5365
5791
7197
4846
1035
5826
8129
3713
6232
4658
2770
2154
6605
4349
1931
6758
4505
5416
9545
49
1062
9134
5627
6786
8056
9034
872
5928
5089
5761
9218
6688
8956
3635
653
717
9444
6404
8170
4449
3261
5602
1507
3103
5326
7443
3515
3031
9090
5984
911
8416
8129
1786
178
4684
7711
6993
997
4222
8167
6240
4623
4256
5313
3939
1909
7340
3536
3142
8899
6043
1802
9033
5994
1194
3269
8835
5677
226
5807
8009
6069
5233
6326
445
8148
1195
8576
153
2682
9318
5430
6782
1706
8240
2250
3237
5258
5047
4024
853
6895
502
3510
7845
474
9014
5741
7937
34
2933
7198
1255
6705
8201
271
6797
5847
6896
2519
1949
4594
9490
324
6723
7885
5664
9567
4540
7036
5531
5806
3238
3994
4745
624
3584
723
2038
682
9683
8965
4347
1863
3272
9359
4149
5232
470
3822
9952
4323
6349
6136
4901
9617
6524
9547
7503
7532
5487
413
3466
4883
2573
3658
5701
3186
8608
4956
6891
5841
6195
8136
3225
7895
5528
1402
8430
76
3577
3344
7662
6701
7842
8823
7842
8611
8328
3393
3557
6224
1273
4279
4494
580
4344
5870
7433
4445
6056
4932
8644
9916
1944
2816
1100
1327
477
3184
6467
2277
7588
9293
1196
2203
5147
4891
7876
8331
6316
1376
2025
2055
474
3246
1
9639
1922
6378
4903
93
1473
7988
6823
4767
1352
3991
8588
4538
8681
2260
2733
4735
2390
2879
4073
6588
8855
3106
1117
5651
8084
8869
734
8715
6261
3800
7861
2946
5361
7030
7660
294
5538
9273
3803
7011
902
7682
6907
4702
2310
8482
7587
8021
4119
1437
682
1082
204
983
8832
2360
4512
6168
2492
6518
6299
223
1868
2297
985
2778
2403
4789
7217
6897
2976
5121
7259
8487
3894
7287
2363
2913
4101
8714
4841
4102
960
138
5362
4598
8899
5126
5450
9020
3272
182
7068
8351
5936
1496
5887
2685
7089
7822
9849
6307
8779
5250
1696
5136
1966
8767
404
2733
6709
2001
2710
4704
5031
3462
5507
9827
8505
5213
8187
8790
2099
8428
4248
7536
4130
5083
3336
8522
8315
8527
5857
9065
7700
2517
6765
326
8395
309
4603
692
6464
1891
5673
57
7504
3708
4752
4504
3124
654
4991
1220
7185
4303
1951
6244
1193
4643
2893
7662
2580
9360
4843
7393
3966
8923
6426
1881
3024
7549
8006
2481
4274
8850
7624
7251
782
5342
2239
4119
3264
8533
4427
2379
5957
9121
6336
2410
1429
4484
6786
1185
3688
1761
689
9499
6334
3540
7761
9438
736
2686
586
4494
7517
2638
6291
4426
2996
9010
9489
7726
7514
5293
3419
932
1347
5948
1636
9680
4833
8479
7736
8127
3046
4973
6038
5248
7173
4149
4454
2716
1644
575
4238
7052
8275
6578
1164
2475
7435
5176
4094
1632
2674
7865
4551
4594
1024
8288
5379
919
8160
6031
812
7463
1808
1269
7347
3499
4045
5443
4727
4192
1656
8902
8197
84
4233
9175
5781
2625
5683
4608
9671
7585
8240
228
5806
7185
3999
8621
2182
7635
1906
1726
9980
1612
1359
1427
4324
4552
7894
3455
7275
8047
1419
9513
4554
5960
4430
7655
2368
8480
1423
2378
4815
7666
2473
1072
2813
3202
9712
1442
5548
6634
259
1659
4980
6476
760
3049
6517
4993
6423
5005
5108
7217
5090
8445
4095
3190
5098
3126
6920
5044
2992
4891
9644
1599
5688
6357
8602
1740
7894
2951
6380
7202
4968
6300
7234
2608
4011
7676
6752
9218
6520
9756
3600
9220
7706
9956
5942
4212
5050
4787
7099
3956
1158
2202
7395
218
1730
9647
6323
2246
2245
208
8488
1625
2375
8951
797
9889
5527
1507
3550
3321
7775
183
668
5505
1822
7010
9805
363
9349
5162
8301
8617
5328
6994
4759
7004
3166
4825
2470
9143
9374
4082
9653
2245
2591
1672
5359
3115
6687
3594
2477
9916
1053
10004
6556
2509
9925
9229
5058
4240
6543
1307
8237
4976
6770
8087
8961
2564
2928
6814
5298
8653
8148
1509
2788
6609
465
9834
8654
6440
2924
1473
3360
6699
4030
9866
7058
2308
1555
5239
8161
2943
8142
640
9964
9934
5799
5461
6019
6373
2043
8957
7033
9656
4117
3890
9993
902
9640
2157
7862
2022
6325
9690
3679
3785
2183
912
4261
8727
7094
4506
6307
7376
1883
5087
1472
8246
7111
6235
5353
6866
8622
9583
7329
8741
9376
9545
6329
1236
8833
585
9652
5646
9341
2798
9604
4624
385
1236
8156
8613
681
6296
5852
9493
7362
959
454
8268
5835
9105
6474
711
9121
582
5434
3512
9370
4326
2624
4954
6945
3667
2700
7876
6665
9106
2918
5759
5249
7581
2016
8913
9342
8378
5605
371
1618
9584
1659
4837
1615
7976
8658
3532
8030
3411
8050
6005
3351
1099
273
7315
4475
9258
1438
2272
7314
3033
464
874
8996
8674
1305
6072
9211
8295
5236
7864
9516
1656
8494
7949
6678
2448
6797
5990
95
2554
2483
4082
848
8400
4014
3995
8830
3999
1484
476
4967
1479
7963
8638
2941
4459
61
4842
6652
9839
4235
5270
3899
5500
8727
1803
4591
5845
8990
882
7001
8489
2535
3774
8676
8034
7315
5963
3631
1776
3644
9360
6657
629
2025
9843
8099
6045
450
1549
3297
8120
6698
2258
818
3467
7766
2439
2557
3288
1313
3371
612
4557
9096
1
7078
8378
7087
2675
7804
5119
5781
4117
3745
7047
7732
3790
2867
3963
476
9494
6151
7345
7286
5925
6795
1884
3928
7149
6605
4049
8709
8895
870
123
7227
3559
8229
8604
7109
9255
5537
2889
9941
1647
3376
8163
3400
4452
2381
5692
1989
1408
6627
3586
4990
816
7656
7111
6009
5744
9857
7831
9910
6666
1097
4683
8581
1149
123
5861
6597
5306
3359
1030
9709
5623
4999
3092
1596
8785
9558
4682
7435
1382
2872
4002
3235
7200
2666
5794
5709
8677
9210
987
7675
3862
5773
7228
2687
6677
6621
8199
2694
3436
904
6365
6003
5109
8410
3845
919
6305
1669
6550
7862
5736
2042
6414
8445
3227
6956
445
9387
2258
8016
8580
5113
5613
4438
8325
8484
1704
9455
7990
1063
2836
9616
5655
1267
3169
2079
7583
511
622
474
7078
4073
4933
8053
8723
2532
7578
5353
106
2193
1258
9161
9355
6446
9481
6697
8120
2945
9704
376
678
4146
366
9391
7461
9693
268
9767
7739
1251
2648
675
3432
7801
9051
9145
2521
9963
8426
5472
1048
7743
9447
4145
347
8416
806
1621
3421
1958
1822
5509
3452
4774
6973
2354
2489
8880
7019
9388
1834
8477
9569
2427
4778
7975
9356
1931
4101
7449
2497
3367
9675
9827
9987
7144
8157
7212
9971
2452
1836
6866
1267
8077
7722
2988
4196
5221
2700
4230
2667
1987
475
7290
1512
9374
9941
6463
6862
9765
9331
2142
407
8872
432
314
6542
4100
3701
7464
9943
5795
3294
2899
7407
4898
9724
7116
7261
5786
153
464
2207
6745
9140
6345
6710
1469
236
6897
8523
8626
7939
8773
1528
1200
2484
213
3142
6746
2142
1471
9602
7868
6455
9949
8247
5854
9021
6083
6541
715
6359
1432
1020
3099
8174
7453
7358
5679
9737
8021
1397
1251
5396
3599
9177
1591
2176
2557
6475
7282
6411
3616
9409
775
4634
8733
6743
4034
4263
1095
2094
8229
7197
4661
8768
6093
9659
9137
6135
9435
626
5540
6113
7848
5532
7040
4556
3615
3495
3829
3088
1838
5155
6643
4540
6609
1520
1418
7108
8629
1731
1451
1215
679
4443
1396
3656
3613
6766
5699
102
5425
3760
1172
8109
60
1073
1886
4263
4653
7965
1650
4747
5266
568
1929
2078
7257
3355
8795
5977
528
8605
3969
3447
7937
9454
9896
4426
4349
9502
8617
908
2979
8245
2370
3763
3483
6506
1476
795
8043
4132
2274
9146
8740
1849
5983
150
6488
9290
8782
771
6783
839
9445
8509
5637
597
7899
7040
3560
8922
993
2914
5254
2282
5583
983
1052
6718
4817
9734
431
473
789
904
1121
5909
6516
2771
7413
1636
3365
9699
1866
4102
7819
9337
9814
4212
7072
7903
6085
5882
6198
7679
9696
7384
1850
5765
5837
3099
2559
3360
3209
1384
480
9932
6050
7315
2640
5881
5947
4255
2632
1210
688
765
9426
3959
3787
9149
5717
4633
4384
9977
9060
2373
1201
4706
8309
1588
6575
6164
9734
348
7850
7582
6892
9006
5870
3085
2104
2225
9466
6314
1937
2915
7500
5976
3767
1823
5389
392
3693
8767
2620
6113
4021
7871
5060
7178
2954
1086
8883
7297
3796
5691
3746
607
9242
1837
1223
9139
831
8199
7951
1535
8132
687
9164
4764
2438
3120
7721
3115
5799
205
7718
9318
8432
8687
4564
5141
2686
3376
2499
5917
7718
6132
6523
154
8490
4831
1899
9709
2207
4400
8886
1102
3126
3017
9121
4849
256
7775
9772
5562
2229
6336
5962
576
5957
3520
4461
4930
335
6271
5196
2243
8952
305
1786
5444
2371
1610
6946
1842
9580
1530
8335
9846
4714
3454
6846
6630
4635
8328
9723
2237
8887
8834
3526
3397
8565
1913
8110
5447
3517
2463
6470
9113
4221
8774
9977
6781
8515
9462
367
2874
9191
9262
9740
9150
8047
3677
9829
4081
4277
3349
4940
6110
3041
2494
4223
7406
7573
4769
5310
1647
344
4823
415
6672
318
8166
7139
6013
8048
5238
646
4153
4478
9962
8554
9529
1672
9393
441
8978
2354
6744
9358
3463
9618
9644
2676
2602
4359
4327
6324
614
403
7288
4373
2311
3227
2635
6468
2976
1450
6669
9243
6104
7663
2028
5062
2619
2832
8447
1501
7784
1364
2335
1887
7851
1252
6140
8328
912
4907
3389
219
6799
4095
7992
2823
4443
9377
9072
5541
1744
9485
3619
4190
3041
3391
2886
600
3682
3678
6289
5024
7624
7113
4792
9059
6345
959
6888
2822
2379
2978
41
5128
1884
6464
1544
6250
4964
9631
8375
8684
9992
7022
4230
152
8340
7753
118
382
5097
5756
1486
7503
5084
5101
6126
7039
1220
9960
6319
1900
8355
2167
5865
2984
5262
2802
9951
6589
9023
4502
2884
9234
3907
2003
3143
5385
6638
7635
74
3950
1138
7374
7332
878
6405
2612
3487
9019
6658
4109
8492
5046
324
2917
1056
3404
2719
1877
2048
5084
5428
8843
6308
6848
2241
2386
3896
6775
6128
3043
1604
1955
6522
2394
6332
771
8438
795
992
2520
888
5190
697
6305
7924
5285
5737
7982
9058
5690
3110
8358
754
3021
4559
9219
5479
3543
638
675
7940
5912
9184
1494
5813
2917
9157
9034
7545
7375
94
4039
8914
3355
8415
479
9738
10016
6270
4857
6081
8183
2683
5493
8043
2052
2451
1748
2853
3595
2190
1007
3307
8820
4218
4341
761
2193
2148
5943
3761
8396
1673
9777
797
6901
3001
7314
2224
8445
2469
9220
4306
1379
3792
9657
7094
1170
7509
4017
1264
7918
5699
6570
7181
4204
2081
2481
8589
5320
2469
4541
9933
4168
4108
7677
7110
1671
158
7175
1449
9196
4907
4389
1891
2984
4807
8060
1401
1665
945
3605
9299
5503
1044
3526
3245
7669
6476
8773
9122
6207
5124
4838
2932
5464
4549
5308
2893
9320
986
1168
6284
9173
1901
5022
1583
6813
3593
8967
3362
5802
2287
1620
2492
6565
6991
8260
2954
4612
4506
4728
2987
9073
4078
2948
3754
2603
3975
9664
6577
1646
1825
9083
6491
330
5947
485
8957
6580
5512
2992
8374
4963
84
6148
9550
7891
3598
6712
422
3660
7167
3833
6536
581
993
5729
6708
2511
3874
1973
8439
4749
6524
6093
840
7514
6106
1437
5934
6324
7441
4830
7646
6000
6699
7622
5600
4925
6325
2069
2141
244
8389
6695
1650
2261
9270
1541
2075
6114
7070
1675
6883
5975
8408
6986
1718
9397
6352
7311
9965
7810
5818
2366
6962
5483
4128
6261
1130
7052
9339
4138
6008
2536
2555
6761
941
2849
5942
5408
5649
8612
2251
2346
3703
3932
8128
548
7317
1909
1501
6675
817
305
6742
1072
7004
8508
468
1434
4425
394
3223
4875
6617
5881
1640
2730
2139
3683
2602
7825
1834
9859
7174
3141
559
6816
5518
2390
8301
2215
4003
9719
8341
7509
9215
7930
1855
4481
2777
5554
8366
2937
6956
945
1780
3588
4380
6346
8112
6357
894
7120
72
8942
70
5263
4480
1616
132
2211
751
7707
5159
2200
9590
7618
2413
2968
6709
1234
8313
3987
2818
9093
4434
5722
4308
576
9502
6486
9934
5767
1958
5532
3145
9823
5673
9142
4141
3668
3360
7654
3716
7702
2005
5155
9690
9029
432
222
8645
4824
7474
994
104
9454
1753
2648
8405
2555
7023
252
7522
4705
223
1891
2027
7820
8129
8026
7216
5632
75
6863
4092
9592
5232
4272
286
9046
989
6726
5952
8632
8035
8479
7355
3939
5271
5984
4489
763
131
4494
9647
5365
6223
4096
1168
8332
3778
3182
216
3805
5337
4583
6427
8880
377
3946
6099
4077
531
4780
456
4247
8710
6676
5259
7580
7391
360
2928
4684
1576
6587
9593
2798
7879
4389
657
2948
8486
5694
9555
6170
8935
5386
403
700
2105
6421
3363
3630
3430
2722
1075
8944
9577
631
2718
4505
8856
8131
1103
5803
4784
5708
1447
9935
8794
1526
4379
3963
5995
4286
7300
3117
5973
9217
704
953
2234
8458
4154
2230
3752
323
3489
6213
4120
3592
5072
8227
4779
1322
2939
7501
5812
573
5596
4591
9658
3235
7637
7552
2407
49
4271
4566
7960
6090
4023
4379
6636
4496
2217
915
3553
668
7727
10011
2497
9754
705
6880
8485
331
8680
2577
1590
7275
1094
2187
1395
8261
2678
1821
9897
5856
7630
4380
5240
3160
4867
6817
7964
7823
9659
4457
8494
240
3843
8804
2324
2691
4899
3522
9295
7156
8551
2941
9296
3555
4954
1272
709
6183
6081
4043
4763
9720
2994
793
7473
4478
3372
1913
4636
220
8888
2237
1987
2059
9937
5169
6415
3931
2303
7392
8329
4005
1972
3180
3652
8110
8504
306
1887
4474
2904
4839
6385
1169
7793
8091
8426
2734
6766
900
1835
8969
48
5854
2859
4161
9508
6542
586
6743
9689
2204
436
9160
7563
924
7909
7068
3726
9586
240
903
6383
5460
3884
4234
2033
9831
7367
5055
3378
6344
8360
1573
1852
3659
327
4144
9799
9565
7547
7738
5628
2921
3088
2012
8507
5028
3460
2367
1860
8623
4040
8857
5734
1172
6954
1126
698
4284
8847
4809
9032
6357
1806
3387
2262
2975
6611
4110
496
2368
1092
5297
6709
2663
6441
8547
7360
7579
1656
7267
2672
1517
37
10010
5905
5614
8896
2271
9425
3506
962
2637
2330
6805
4492
5294
4387
9504
5330
863
5077
8348
1797
5245
8369
2550
2393
9537
860
3932
6756
6939
1326
9112
5366
8058
5316
374
5784
1258
3510
10006
7413
4050
1849
7133
3181
7759
3233
5816
9248
6019
2417
7076
8649
8493
9246
5832
7703
1924
7881
7950
8972
2552
5968
1552
410
4737
5065
4593
3484
4798
2849
3643
4341
6576
5001
6164
1053
3452
7401
5064
1652
8292
9305
3056
3666
4124
1030
143
4393
6571
8205
2108
8356
276
2599
9136
8417
1496
4606
768
6400
878
5267
6528
1626
492
3569
7861
4708
233
8159
1001
5731
5301
7014
1553
6710
1640
9297
5214
8994
4034
687
9714
2275
1498
6296
6262
9558
9474
3370
7670
9961
7172
6169
6984
8604
9474
654
9599
6222
6794
9419
1631
1973
1405
3602
4461
3388
4418
8983
1624
784
3462
6639
3034
4667
9357
1757
223
5378
1476
8819
4508
9720
9045
7754
7620
4184
2107
5762
3662
9421
8510
3034
2075
2711
729
6035
6953
9296
6419
9747
1801
1620
9641
6181
2852
2822
7589
981
7981
4023
1620
4816
9206
7877
5118
8665
3872
682
5420
3262
2603
2504
6797
3363
6491
2345
597
9531
576
8581
8917
3636
9689
7613
6326
4944
7514
8789
5065
8963
9285
1246
8133
6989
500
3489
7079
8361
157
8691
3671
3514
6465
1879
8931
1900
9841
2029
1061
6232
1699
7631
753
8394
4568
4541
312
993
6570
579
5569
6128
8065
5294
9908
9663
3716
4682
5606
792
1110
7818
5743
3769
3526
4032
7509
7509
8552
3171
9057
5011
854
6215
8020
8441
4307
1896
2408
6375
3565
6885
1909
117
7904
1522
782
4889
3230
8651
399
8077
9496
5758
4187
4147
8600
3982
1512
7116
6801
6611
8657
1153
1868
3862
4743
2879
8810
2434
645
1097
7581
1932
7512
5123
8686
3631
8857
7118
6196
3850
6810
7375
4767
3261
1189
7460
7311
2785
3546
6173
9237
6027
8601
1392
5299
3281
5944
4643
2826
7996
5935
7005
8534
7525
5260
5297
6948
5421
4756
6191
6879
312
9633
6793
8216
5090
4320
5032
6550
579
6309
9907
3511
3005
7147
6945
4075
6317
2691
1715
8950
2613
6313
9661
1352
8530
1511
2172
9549
1947
2966
926
1713
4080
2451
6428
3461
9066
6313
1721
7017
7523
4526
5914
7728
3398
1510
7226
34
2248
8113
4815
5327
5648
8958
7573
6612
5601
2893
5326
5680
8511
6341
8801
2446
5665
5917
1049
2505
6055
6
1594
257
8858
9195
503
7244
9763
2524
5263
9440
4103
6857
9692
4702
5681
5187
6087
3977
310
6152
9215
7171
2289
4174
2939
5070
7032
2564
4870
96
7607
4803
4306
8068
6719
493
9447
3131
9081
972
5240
5018
9285
5692
8944
5607
4086
7042
167
4665
9770
8173
9769
3935
2742
6921
254
6395
9231
7393
5288
3523
3549
9723
1616
3664
7951
6850
8272
9826
6814
5427
7292
4705
2798
9877
5992
8527
7172
4521
6758
7618
3595
5100
6033
5971
6704
9794
7744
5706
3274
6892
124
5866
7012
510
7954
7482
9592
5008
2395
409
283
2457
6522
8345
9024
2232
1584
4257
3946
2659
2517
972
1769
5863
1108
9445
6621
3132
7715
6265
6796
8306
649
4764
6308
9403
197
5850
2638
3484
3362
2969
4113
4959
6948
4180
4711
9531
6843
3256
3615
8199
3478
2922
1187
1477
9928
7842
7755
6265
4356
4889
2524
4616
406
3533
5264
2099
3812
2933
9765
6908
387
1806
7499
4583
8638
7035
7548
319
6543
717
8837
3485
9934
222
5070
4885
974
5164
2459
5055
4483
6097
2108
9627
2695
6470
312
3490
3001
7152
8497
1153
6160
6148
3844
3760
2027
8129
192
9038
7742
1899
5066
2584
3819
1880
2394
4241
1666
6182
4122
7154
5473
893
3400
3826
8824
414
5631
3001
4988
8779
6927
7613
4843
7999
6311
3634
7652
1378
6824
1495
4436
3942
8861
423
2554
3037
4928
8967
1649
9994
4610
5514
5053
8678
9508
2790
4477
1476
741
4070
2821
9281
9893
6530
8597
7303
2984
171
6701
3083
4587
2641
1630
1212
2488
1577
4859
8064
8608
6938
7181
301
9938
7351
7361
2960
1703
3341
769
325
8519
3819
3488
6044
1599
6272
9267
7138
9256
53
6568
7618
4490
7895
5638
8313
8134
2020
9903
9394
1772
8803
7832
5147
1563
8623
2755
4995
1800
6706
5803
6128
1636
5804
668
8813
7426
8330
55
4847
9861
1769
8751
3624
2656
5887
3406
5173
4938
6723
8414
8556
5891
7683
5793
3151
5917
2290
1697
8629
924
3921
8311
2156
7337
7800
7662
9606
9468
2653
6687
9625
7449
8386
7597
7455
7797
8178
7169
8810
1715
7407
5518
9837
2109
5063
2999
8736
3774
8289
8121
1306
5820
1053
4187
7855
2897
6785
8762
519
2133
4165
6542
1835
1448
1487
3418
1397
3385
2693
3078
5014
3433
7738
4341
1792
5052
6547
3945
6989
8677
4265
7041
1639
620
7788
2565
7413
8608
2323
1523
7287
8778
9028
5794
1349
2585
3644
1848
682
6702
9199
3093
4764
2685
6830
7427
2702
593
2691
8864
2377
9923
8302
4524
1366
5133
5124
7722
6577
5227
1771
4585
8666
5209
7243
6413
1299
9751
9450
2720
1699
4718
8927
6134
8434
432
502
3071
2003
5714
7351
7549
8269
1112
5313
9461
4018
5320
4204
8406
9304
1463
3065
1125
2763
6637
6632
3796
6752
1824
3555
2328
1019
7683
1879
6365
5233
5544
6280
2843
3166
4300
7282
3017
193
4219
1086
1002
698
9711
9038
6871
2304
517
9037
8061
8722
9106
1022
2132
5296
2073
8057
3816
7610
1618
8728
1135
9704
1876
2021
6434
2456
8849
7379
6058
4472
9814
6444
7759
5939
4292
1748
5981
7974
5043
3843
3623
3051
5480
9835
7246
8356
2484
9940
7502
4369
4367
5366
7660
9281
8800
1314
8168
568
6726
9828
4767
9222
5688
3014
6797
8532
1032
5877
7176
3649
7319
9503
637
2795
7373
1269
9940
2962
1866
6117
7471
8260
3077
5393
8414
7399
9538
207
5115
3554
2096
554
75
705
5904
8764
7311
3767
2259
9102
2147
5169
6952
4331
336
2906
3292
4437
3853
5563
3889
8768
2326
8846
4138
5563
7017
8906
8419
6339
7096
765
3945
3217
5439
4732
4001
9374
7606
4745
7561
8380
8835
6078
8721
7238
6439
7094
5723
7305
4923
5903
5008
8534
2340
6555
521
654
3450
7174
4637
6779
2030
4121
5286
3142
2995
7198
8271
8697
2729
6317
3965
2835
1011
5120
6841
4270
1870
3265
3019
6562
9121
6317
7209
7524
4194
7336
6214
9468
2644
4609
6322
1090
4463
2145
1159
2368
6969
8506
3195
6463
6930
763
7161
5825
7019
2
8408
3810
139
9739
8595
8426
8298
4105
7321
6251
7906
7460
6338
9421
6982
2053
5037
8049
2043
1392
583
3463
1712
4636
2426
1785
2397
3958
1019
7128
3019
8038
4494
809
9713
671
3988
3952
2294
4253
3621
8684
7901
5942
881
5527
2641
1689
9315
1432
5969
5018
8196
6724
9458
9504
795
839
2781
4628
6756
9184
2659
4356
8196
3967
1146
1274
9046
2739
5656
5136
2802
8220
9211
6160
2515
4344
4163
8812
2164
3004
7739
2296
7482
3321
3679
8344
1597
4760
3378
8837
2045
3133
3120
5451
675
2629
1558
420
1717
1961
4234
9152
7907
6277
8282
3181
6779
5656
3504
2364
4662
1237
6631
3235
1760
5610
2672
4374
3571
4063
3272
1178
9429
367
3970
6034
7803
3039
2322
2046
8406
5893
4599
7867
3771
4524
7119
8883
2151
1257
2036
7390
7670
4718
3506
1622
7857
6731
5265
6204
9499
5750
8692
1461
5877
1747
466
987
8934
5567
2042
3146
7467
3031
1946
1764
1365
59
3750
1277
4260
4317
8179
4239
185
5202
7280
5356
3811
9935
3230
4038
9971
6236
3732
8733
4223
5727
9909
659
8912
341
2921
4436
2501
1839
871
1736
6369
3015
846
7067
5546
7173
7875
9537
7817
5433
5483
6383
6304
2110
8295
769
6953
6165
5859
171
4192
4632
1074
2468
3480
6336
766
9494
6313
7682
115
4004
2804
2860
589
1779
8612
6785
3736
4442
5740
3658
3780
4181
4769
3120
3905
7773
7774
1343
9315
4088
9480
7896
5209
5456
7404
5625
5854
6329
3216
4307
8180
6163
1291
7641
8854
4790
2512
2770
5962
2548
8363
5412
8503
9910
4801
9742
6782
9562
4077
3193
8459
6659
1004
9981
44
8750
745
4873
2270
7251
1074
6490
5035
4060
928
2347
9099
166
4259
7487
7079
6585
6904
5287
906
1307
7853
1796
1229
7496
3427
4331
56
1501
9988
8183
1752
860
7929
4310
5201
9122
3110
4156
2439
7812
118
2640
4231
7990
3859
9448
9919
8176
7479
4541
2123
1470
3602
8952
3576
5034
5753
6305
2748
3991
3491
6962
1263
2183
1508
9642
1992
4245
9087
9716
410
3937
5136
2100
1098
4806
4435
4134
668
6510
5331
168
4896
8095
7470
6707
8557
2650
8903
1770
1543
4029
497
6571
9850
5732
2505
8121
7442
3982
5183
4144
9144
10004
9342
8903
2297
7792
1469
5612
7144
212
8023
9504
5168
3123
5687
7052
7654
381
8648
4535
6507
3016
9834
3242
5689
4854
8072
4674
2822
5383
681
7946
4785
1151
1571
6864
2772
3728
3238
1763
5937
2905
3322
1210
1134
6352
5117
6277
3609
3750
8329
2392
5204
266
9799
8387
7968
8523
7797
1319
1111
6057
3837
9606
214
8730
3345
5193
5237
2428
4840
8409
2891
5224
2790
4646
4497
931
7880
3552
4562
9192
5615
7695
5977
3746
2016
1101
91
4345
6276
1866
4719
1737
3662
3123
2811
3474
5118
4487
1750
5561
2288
4544
9536
5764
994
1375
4648
5416
9953
4903
1686
7966
5767
8732
5355
745
1897
682
2883
2676
2552
1770
4084
798
7129
1608
8169
5081
6385
3463
8478
5218
8269
6371
5841
3321
3440
9785
3414
2620
6009
8577
2672
4062
8368
9347
1196
4950
2888
5383
7999
3685
756
4215
2940
9867
3864
1112
1906
8836
9017
8875
6642
3306
4062
2650
883
822
3785
5194
8445
8062
2167
2107
9987
8776
5985
2459
1391
9267
2179
3684
2481
6601
1037
2851
487
3031
2067
8131
2428
5780
9215
1152
7548
2603
7529
6207
1416
9049
444
6158
1646
4686
2054
6170
6571
1971
2662
4502
1639
6228
5071
6560
8063
6272
1806
8394
2832
6272
1371
660
1658
3837
5452
675
4826
9577
2138
8093
1899
3138
2869
8663
7509
2406
1886
3611
4447
2441
8405
6837
2464
5448
3883
9383
2570
3673
2681
2385
2767
4517
2726
5684
8778
417
6241
9474
6284
8094
621
3108
3493
9514
5224
4259
3770
2818
395
9913
4380
3030
3153
4992
7591
5618
1155
1994
7094
1781
9653
8188
5443
8574
1520
33
1036
3474
846
81
1267
7757
4463
1530
3961
5893
1381
8558
7958
4223
8417
1797
4845
4027
3583
5932
5576
3807
7140
4583
8952
2130
3007
100
510
1871
4780
9216
650
1456
3662
9782
3010
456
566
2744
9594
1190
114
2126
9835
4087
9309
3709
265
5404
3167
3057
9807
1276
733
853
6322
9895
6794
2775
10009
4598
3549
7930
9528
3220
2931
1229
9638
1331
1435
871
645
7963
5271
6437
4385
8200
6184
1864
5447
1757
1398
1256
3198
9214
6984
8342
7646
4444
1401
5463
8243
9156
1928
7747
8536
240
4310
9187
9583
4815
4101
6278
2500
5536
7496
845
7941
1612
7809
6703
3157
6838
5863
8678
9730
6454
6917
3542
8459
1682
4619
3818
2198
5958
5984
3189
2252
5602
6595
8356
5888
7979
3911
2491
4090
3172
8009
4322
3505
5741
4223
4716
199
4590
4055
4378
4000
8049
6607
6075
1837
459
8136
8297
7727
7370
7610
4574
5760
1730
9074
2272
4356
4848
9724
1820
6598
7280
6440
3087
4756
2205
9481
6864
5294
3918
6019
8240
1756
5405
46
8050
3281
1866
2853
7895
218
601
9325
9545
2275
1339
563
3075
8970
432
9387
9319
4435
3904
3587
1002
9467
9752
9396
5381
5728
5531
5527
5306
5313
2092
6064
3496
8067
4548
5672
9154
6879
1824
4364
8003
7652
2078
5531
7210
8116
7716
1671
4044
4809
6663
851
3921
8961
570
5514
1071
7967
1600
2462
546
1491
9767
3677
7384
6641
2400
7219
6478
2146
6253
4636
2270
7925
279
1431
7678
1150
4065
8813
6221
7023
4992
2892
2802
9667
9704
8497
1496
8642
9206
3958
6226
5339
2230
6410
3762
4154
1011
469
6967
5710
6495
8879
7824
2921
5667
8087
8341
597
6655
5605
3170
6689
1174
1872
8254
8841
9567
77
5672
4603
7699
1887
5309
7595
8547
3339
1278
3549
8648
4175
3819
2191
7411
4558
8397
4774
4248
2938
9512
7103
9910
9988
5709
7376
4676
2343
9265
2004
4611
4324
9812
4341
5484
4601
7040
3206
3450
9010
2312
4249
7623
1052
608
4566
4355
4811
8655
4402
5240
3867
7921
841
8363
767
7862
2459
420
1333
868
6132
4620
738
7454
8374
395
4061
7357
2689
1769
7921
2146
9813
4559
1129
8890
5369
4883
2838
5669
9482
1584
870
9793
9458
5844
6599
5487
2950
538
4883
9094
6342
5276
6211
9378
6107
4909
2557
8421
2048
6425
8548
1137
1533
5808
2779
3633
874
1482
6836
2135
1596
1143
7812
5099
6913
9392
6230
3113
2070
1704
7062
6040
1818
9157
316
5224
5323
7324
7919
4890
1052
3398
8806
5923
7917
1976
8698
7099
229
8500
625
7380
5598
185
3482
720
1646
1798
156
1446
2016
1895
2375
9908
9269
9076
1886
5646
2073
7352
3156
3286
5530
4447
5960
698
4272
4324
8743
5700
5616
8376
6249
3739
4798
7545
7314
3540
9086
1554
6116
3662
5293
9329
1071
6484
6958
2006
5501
964
86
692
3841
5210
8218
9098
8194
1066
2132
6193
2020
4498
7959
9218
1167
209
2702
7911
7461
3069
9413
9326
9916
1412
7521
2442
1874
9062
3106
9727
6519
2985
7882
5381
6774
9150
8483
4263
260
299
4385
4449
2465
5708
2061
2530
7474
6489
2728
2510
9068
3524
43
3879
7422
2207
7856
2103
8335
7509
6917
6755
4528
2836
5591
6007
9257
6585
7238
1173
2261
3003
2410
4288
5833
3215
3439
2856
2940
7071
5381
4915
5117
4446
7853
4581
984
7484
7395
94
9614
4367
988
3590
1874
6355
782
9664
5020
4263
5938
9404
7727
4745
1792
4388
2258
4082
9543
6089
3346
201
5148
362
3506
7749
1070
9957
6730
322
9133
2076
3364
6305
4234
9465
6326
8201
9851
4992
2987
1073
4398
9740
6482
8908
4617
3046
7565
6942
6400
8532
2375
1578
7537
2719
4031
1012
6208
2396
190
4879
5060
1701
2868
3158
2866
8751
3210
8330
4496
7489
1221
8589
535
2325
785
5969
7686
4156
6389
2352
161
8639
1065
5045
9952
8528
2214
519
5483
5424
364
7888
1500
149
7586
621
2887
3514
4723
9395
5010
3596
8626
4168
8687
7243
3784
9081
8087
7741
916
4716
1876
1915
9105
4339
4160
2750
9551
2116
2292
9695
2168
9507
4873
719
8932
6657
4921
9743
8115
6389
7815
7439
2467
1482
1334
8693
9458
8154
7405
6976
6268
7340
8590
3333
2670
3066
1985
2016
4811
5853
8991
4080
189
9260
8626
8249
298
4729
5435
2623
9350
905
7261
5231
8858
4947
1893
5624
9500
3574
6669
1149
9822
6497
6145
7536
4204
4841
3142
9944
1547
4678
3852
1072
4511
3946
4739
3507
8131
1856
178
3708
3832
7931
443
6056
5798
4741
4854
6601
1591
5999
2550
2011
7329
6451
4579
6108
9333
4250
9873
6360
4544
6757
918
6357
4850
99
6459
9547
2010
4387
7976
9644
608
4537
3284
109
5556
9570
6586
7068
7084
8501
2140
9868
6051
2599
5701
4488
6247
4834
2260
820
4734
4605
8759
7162
7265
3736
1603
3398
366
906
4384
3069
2747
880
5731
3693
5475
147
4185
951
7222
9909
8471
7997
3560
6219
5452
3517
8498
8462
3293
9261
303
5132
1195
9744
4836
2611
4289
5096
7649
5794
2001
9778
3020
306
9254
7731
1214
3048
2861
9871
3403
350
4704
2732
7690
844
7122
2545
8352
6415
2064
9762
9971
9604
3268
6834
9953
5897
4468
4144
2589
2071
1904
8994
4484
2301
7704
3793
7143
8020
2271
1801
2433
3037
2874
5023
2702
3997
5263
7292
4386
7239
2466
6007
3368
5970
7654
8184
6144
1299
4750
3869
6598
6928
9914
3225
1858
6566
4669
4804
1918
7669
4517
166
9612
1730
6905
4795
6415
9458
8493
4263
207
4026
3317
2487
7322
358
66
5980
1297
6713
246
6463
3718
6949
7804
4763
3352
265
89
149
1577
4357
386
9202
8576
63
8627
2113
2149
7577
4221
33
2232
8325
8135
2198
376
4691
1883
2045
9056
5230
5567
3097
1466
2569
846
1963
5398
4834
9309
1777
1986
4720
6426
2130
8480
1639
5737
3084
4389
9657
9734
7286
1320
8081
7691
3471
9313
2408
4335
7865
766
7714
2452
8855
8739
3832
9343
654
7905
1776
5712
5531
6521
8841
4537
1419
5692
2913
2013
3720
5748
7711
3435
8813
7545
3865
6126
510
3964
8308
4316
2283
7629
9370
5692
563
299
8301
5575
4567
1888
2677
259
7098
4830
2789
4307
9207
3453
2058
5225
3431
4112
8722
2447
8144
2912
7628
5651
6005
8454
8802
1647
6894
1984
5774
2169
8936
5318
9108
3688
5815
2259
2949
2982
4740
2764
4403
7119
2811
5033
469
4197
952
4205
2621
3565
906
8046
865
4908
2110
9647
2083
8298
3334
2258
4064
2671
668
6927
2744
7571
1317
7399
5576
2163
8439
965
4368
3544
7120
2084
5922
2423
2888
9548
5237
7846
9389
3912
8528
5545
435
1910
5491
3299
2484
3425
4770
2481
4958
2503
6989
9457
4621
1652
5569
3331
3379
3825
9187
3664
9688
1151
6357
7020
667
365
3923
552
6890
3471
6207
3882
1697
8741
1885
7779
3127
1396
5260
1201
6964
7082
4314
2875
7248
5377
429
3797
8382
8939
7622
8038
4585
5829
1965
2213
4779
929
8064
8995
2859
6637
5051
8079
1029
2603
7363
6312
152
3321
9473
8439
3008
8002
8621
6551
4048
9351
7122
7438
3279
2828
2164
6753
9690
107
2333
283
1920
537
1520
8123
9935
9521
3081
7238
3847
7740
4973
1907
1839
2490
4796
5448
1343
5288
3209
3097
4070
7827
1880
1091
5276
9435
2666
8251
5358
9133
9004
3211
2650
3519
1923
4543
3624
3303
9157
3826
10002
9341
9112
8110
5712
3410
3773
7987
3874
3619
231
2473
8308
2671
1361
1534
7848
7954
463
309
7727
1656
3841
334
7004
6533
6258
2209
4245
9926
9323
5985
4688
3480
9386
7825
8125
1802
3181
3746
3723
5875
7587
939
3826
2688
2049
3490
6699
7551
3124
8022
7451
8885
9542
8642
1862
5075
1296
3432
5821
8088
7753
2223
5535
3826
2032
1585
6904
8195
8402
1976
1024
466
3311
2946
2044
5592
1673
35
3073
4972
8820
2282
2077
242
7781
3732
676
5739
8635
8693
6170
7
739
3686
9658
1058
1438
8756
7902
4385
2078
3859
3416
520
60
7021
1174
9404
8384
4217
262
4918
7998
9998
6161
7598
8049
6782
3116
8429
504
733
8711
4737
8063
1024
1559
4800
7441
9316
3938
7158
3944
2356
422
1322
7958
1172
2761
8476
1832
4300
7111
4206
4313
6107
3255
92
4710
1902
504
9369
6166
781
3068
2516
8437
8847
6901
4657
5333
1835
8874
7842
5129
3243
4942
3759
9638
4329
5759
2042
2799
6399
2533
4013
2261
5237
1
1478
2476
6915
6912
7675
4520
5079
8544
9984
2169
5182
1336
6368
5601
9098
4741
7225
2355
5485
1174
2887
4629
5904
5431
9985
6573
6240
4260
259
5258
5516
2169
4444
4641
8640
2076
5810
2431
7825
2009
9882
6341
3550
6996
6821
7692
1863
4719
1860
3938
5397
5418
7717
6352
3670
130
2380
4211
6761
8598
2584
6986
4373
2540
202
8178
1496
7428
5601
1282
1395
6537
3162
4777
2406
3580
662
8909
847
7692
1848
4424
507
6252
8763
1534
3026
6667
5594
8308
8189
9565
6473
4262
3496
8608
7184
8604
7765
1965
8281
473
2785
6073
1478
8429
1246
6501
7151
2705
6425
9265
9268
4353
3732
8909
5893
5010
8484
3159
3419
5763
9984
4328
8693
4354
727
6664
3467
9719
9866
1064
9478
3027
8439
5528
1504
3990
9998
349
2485
2744
9264
7354
8652
7548
5115
157
1489
5850
6402
787
8444
6456
3139
2534
5286
2581
6419
6210
4497
6104
9978
1385
5251
2491
1344
3794
2685
9268
3570
8134
3798
8262
141
4776
6724
730
7395
5811
6605
5577
5244
7755
9972
9275
8429
140
9942
7425
1913
9976
4772
1454
9724
1432
6346
9950
5949
921
7928
6698
5427
621
8632
9104
7389
5732
9758
6133
5373
4814
7117
1432
7684
2974
3116
8110
289
272
4718
2088
2711
599
670
1271
4562
5404
8738
8774
5297
2043
5318
5418
4816
2309
7894
4616
1300
1095
7517
6144
7715
3549
3318
4464
1137
5667
2094
3631
6272
9992
6973
7941
2725
7925
4151
4241
6186
4628
5140
9016
6104
1082
5820
5424
7049
108
7071
4299
7029
3503
8764
6028
1183
9463
6792
9713
9481
2174
7691
4052
8074
417
9933
8233
4767
662
6393
4511
4498
7750
1642
1593
2024
9793
7437
1001
6571
2760
8090
8296
7143
1530
6140
5277
4209
9514
4055
1143
9946
190
5193
9791
110
3238
1824
5198
2493
4203
6748
1879
7284
5980
1407
1361
8255
7739
6669
5157
1246
9339
3351
7104
8090
8607
4499
9880
189
6486
5963
2130
6545
1950
7630
8134
4050
3782
3216
7433
4002
8311
765
6316
5684
8335
2377
6614
10011
4277
3221
8474
5799
6907
9949
1646
641
5787
3883
2881
5156
1251
5546
7682
9354
8258
7057
7243
1138
8962
3459
4070
5831
1025
4477
7316
4530
2096
2455
7724
7435
1890
3571
2215
3792
7979
9046
2996
2934
2790
922
4479
6783
3632
3223
2160
6180
5076
8584
3005
8679
7789
6206
1662
9672
5362
6247
6373
911
7339
1088
6747
8261
5863
4617
8301
3832
7583
7242
942
4823
4311
6342
9952
3777
7516
8996
6202
8675
7451
1540
3232
6192
9868
8399
5217
5792
319
9796
7922
7020
730
775
170
2084
6499
4639
3632
9171
9813
8943
382
9508
1449
8426
8260
3087
207
3024
2290
7537
4755
4499
2708
6267
4350
8528
3754
149
6247
9137
695
3991
1446
5129
9878
2480
8911
4000
4197
670
3835
8022
4169
4755
7203
5735
733
1026
6863
5004
3090
5116
1160
8154
3777
9070
9494
1630
4696
5499
5308
1067
9974
9592
2568
8572
2435
690
5329
4621
7602
2169
1499
8711
381
7140
9697
1651
8825
811
696
2886
8335
546
6203
5690
2478
9595
8129
8080
1988
7178
2899
8428
6482
4990
7918
3378
3075
9778
594
9663
9787
3955
4825
561
9832
5881
5390
7085
3439
473
5603
9787
1629
6123
6669
671
4281
3649
6732
4455
7394
7112
4534
5143
1930
5753
4272
9565
9245
6931
3294
1567
6155
3579
6065
8682
9534
2899
2375
3353
7907
6626
3429
3509
1198
5819
987
5211
791
4244
7455
9163
4021
4976
1876
8461
3903
2665
6681
9772
2440
4142
6905
3052
2783
6964
6184
5846
9668
6424
2313
89
1891
6236
8154
5589
2724
4171
3360
5833
2169
8547
964
4834
6913
1289
7713
3183
6652
4747
5653
4412
8951
242
7875
4733
5480
2440
6896
3457
7960
9939
8700
328
7951
6963
1862
3419
6434
4396
2773
395
6689
9650
9993
9493
5165
1656
9951
9505
3150
5041
2433
7921
7689
7108
7675
5344
2266
1817
8080
866
8783
1892
2936
4734
5363
5357
2142
4573
3201
3065
4118
1025
3164
8946
2126
2535
1611
8369
5456
7488
8019
4466
1104
6053
8813
7500
5148
8782
5159
4482
1875
5909
3178
277
8258
3510
2564
4386
641
3849
4850
3163
1469
8176
8322
8459
6326
2147
4376
5135
5200
7055
4906
8563
9384
2722
6571
4042
8163
9968
9947
4543
8658
9618
8084
2320
3075
6456
2116
6453
8883
4815
2829
7663
3404
1791
9421
7621
2349
6440
103
549
8292
3645
4995
1849
2301
8125
9194
9095
1061
8478
2347
9305
8484
1053
7340
6623
2065
9509
7299
5120
108
8417
2384
9445
8208
8012
5290
3677
6792
9899
3725
7535
1581
7663
9578
6581
2000
1938
529
783
6337
226
6108
4130
5966
2908
8430
8359
4824
4581
102
7533
6711
9325
5725
4790
123
2356
2211
7048
6066
2608
3291
4489
214
7502
7998
2324
3568
7422
4904
8674
9766
155
5874
7892
7535
3591
4898
2889
5754
6441
6687
606
4851
5592
2793
7539
7159
6299
375
1048
3060
8122
6509
3158
6466
2217
7239
9279
2358
5637
2214
1291
6847
1123
7468
482
5344
8568
3185
4516
7861
9110
6329
2202
9340
9211
6958
9443
593
4197
2695
1193
1585
2528
6581
3466
7173
8865
4797
2199
7045
3444
1098
6111
8195
2224
70
9972
8744
1973
7749
9363
3924
3594
927
4190
5966
8406
5532
2604
5427
3407
4227
5631
764
6046
6812
8930
1375
1529
7025
3261
8732
1236
6917
3193
2174
2541
8383
4224
1578
8043
4416
8778
3290
8928
1542
6987
8861
7790
3845
2536
4414
2821
2702
2783
1117
7469
989
3703
3487
2413
